IID	PCSK_missense	PCSK_LOF	BRCA1_LOF	LDLR_LOF
id2_0	1	0	0	0
id2_1	0	0	0	0
id2_10	0	0	0	0
id2_100	0	0	0	0
id2_101	0	0	0	1
id2_102	0	0	0	0
id2_103	0	0	0	0
id2_104	0	0	0	0
id2_1044	0	0	0	0
id2_1046	0	0	0	0
id2_106	0	0	0	0
id2_1066	0	0	0	0
id2_107	0	0	0	0
id2_1079	0	0	0	0
id2_108	0	0	0	0
id2_1083	0	0	0	0
id2_109	0	0	0	0
id2_1090	0	0	0	0
id2_11	1	0	0	0
id2_110	0	0	0	0
id2_1105	0	0	0	0
id2_111	0	0	0	0
id2_1112	0	0	0	0
id2_1120	0	0	0	0
id2_1129	0	0	0	0
id2_113	0	0	0	1
id2_1134	0	0	0	0
id2_114	1	0	0	0
id2_115	0	0	0	0
id2_1152	0	0	0	0
id2_116	0	0	0	0
id2_117	0	0	0	0
id2_118	0	0	0	0
id2_1181	0	0	0	0
id2_119	0	0	0	0
id2_1199	0	0	0	0
id2_12	1	0	0	0
id2_121	0	0	0	0
id2_122	0	0	0	0
id2_1226	0	0	0	0
id2_123	0	0	0	0
id2_124	0	0	0	0
id2_1247	0	0	0	0
id2_125	0	0	0	0
id2_1259	0	0	0	0
id2_126	0	0	0	0
id2_1264	0	0	0	0
id2_127	0	1	0	0
id2_1275	0	0	0	0
id2_128	0	0	0	0
id2_13	0	0	0	0
id2_130	0	0	0	0
id2_1305	0	0	0	0
id2_1309	0	0	0	0
id2_131	0	0	1	0
id2_132	0	0	0	0
id2_133	0	0	0	0
id2_1335	0	0	0	0
id2_1339	0	0	0	0
id2_1342	0	0	0	0
id2_1345	0	0	0	0
id2_135	0	0	0	0
id2_1351	0	0	0	0
id2_1357	0	0	0	0
id2_136	0	0	0	0
id2_137	0	0	0	0
id2_1375	0	0	0	0
id2_1379	0	0	0	0
id2_138	0	0	0	0
id2_1383	0	0	0	0
id2_139	0	0	0	0
id2_14	0	0	0	0
id2_140	0	0	0	0
id2_141	0	0	0	0
id2_1410	0	0	0	0
id2_1419	0	0	0	0
id2_142	0	0	0	0
id2_1422	0	0	0	0
id2_143	0	0	0	0
id2_1433	0	0	0	0
id2_1434	0	0	0	0
id2_1436	0	0	0	0
id2_1437	0	0	0	0
id2_144	0	0	0	0
id2_1442	0	0	0	0
id2_1444	0	0	0	0
id2_1446	0	0	0	0
id2_145	0	0	0	0
id2_1455	0	0	0	0
id2_1456	0	0	0	0
id2_1457	0	0	0	0
id2_146	0	0	0	0
id2_1467	0	0	0	0
id2_147	0	0	0	0
id2_148	0	0	0	0
id2_149	0	0	0	0
id2_1492	0	0	0	0
id2_15	0	0	0	0
id2_150	0	0	0	0
id2_151	0	0	0	0
id2_1511	0	0	0	0
id2_1514	0	0	0	0
id2_1526	0	0	0	0
id2_153	0	0	0	0
id2_1533	0	0	0	0
id2_154	0	0	0	0
id2_155	0	0	0	0
id2_1554	0	0	0	0
id2_156	0	0	0	0
id2_1565	0	0	0	0
id2_1567	0	0	0	0
id2_157	0	0	0	0
id2_1572	0	0	0	0
id2_1578	0	0	0	0
id2_158	0	0	0	0
id2_1587	0	0	0	0
id2_159	0	0	1	0
id2_16	0	0	0	0
id2_160	0	0	0	0
id2_161	0	0	0	0
id2_1618	0	0	0	0
id2_162	0	0	0	0
id2_163	0	0	0	0
id2_164	0	0	0	0
id2_1641	0	0	0	0
id2_165	0	0	0	0
id2_1655	0	0	0	0
id2_1658	0	0	0	0
id2_166	0	0	0	0
id2_1660	0	0	0	0
id2_1668	0	0	0	0
id2_167	0	0	0	0
id2_1675	0	0	0	0
id2_1679	0	0	0	0
id2_168	0	0	0	0
id2_169	0	0	0	0
id2_1697	0	0	0	0
id2_17	0	0	0	0
id2_170	0	0	0	0
id2_171	0	0	0	0
id2_1716	0	0	0	0
id2_172	0	0	0	0
id2_1720	0	0	0	0
id2_1727	0	0	0	0
id2_1728	0	0	0	0
id2_173	0	0	0	0
id2_174	0	0	0	0
id2_1742	0	0	0	0
id2_1744	0	0	0	0
id2_175	0	0	0	0
id2_1750	0	0	0	0
id2_176	0	0	0	0
id2_1761	0	0	0	0
id2_1765	0	0	0	0
id2_1767	0	0	0	0
id2_177	0	0	0	0
id2_178	0	0	0	0
id2_179	0	0	0	0
id2_18	0	0	0	0
id2_180	0	0	0	0
id2_182	1	0	0	0
id2_1820	0	0	0	0
id2_183	0	0	0	0
id2_184	0	0	0	0
id2_185	0	0	0	0
id2_1854	0	0	0	0
id2_1857	0	0	0	0
id2_186	0	0	0	0
id2_187	1	0	0	0
id2_1870	0	0	0	0
id2_188	0	0	0	0
id2_189	0	0	0	0
id2_1892	0	0	0	0
id2_1896	0	0	0	0
id2_1897	0	0	0	0
id2_19	0	0	0	0
id2_190	0	0	0	0
id2_1907	0	0	0	0
id2_1908	0	0	0	0
id2_191	0	0	0	0
id2_1915	0	0	0	0
id2_1916	0	0	0	0
id2_192	0	0	0	0
id2_193	0	0	0	0
id2_1937	0	0	0	0
id2_194	0	0	0	0
id2_195	1	0	0	0
id2_1959	0	0	0	0
id2_196	0	0	0	0
id2_197	0	0	0	0
id2_1973	0	0	0	0
id2_198	0	0	0	0
id2_1980	0	0	0	0
id2_1990	0	0	0	0
id2_1998	0	0	0	0
id2_2	0	0	0	0
id2_20	0	0	0	0
id2_200	0	0	0	0
id2_201	0	0	0	0
id2_202	0	0	1	0
id2_203	0	0	0	0
id2_204	0	0	0	0
id2_205	0	0	0	0
id2_206	0	0	0	0
id2_207	0	0	0	0
id2_208	0	0	0	0
id2_209	1	0	0	0
id2_21	0	1	0	0
id2_210	0	0	0	0
id2_211	1	0	0	0
id2_212	0	0	0	0
id2_213	0	0	0	0
id2_214	0	0	0	0
id2_215	0	0	0	0
id2_216	0	0	0	0
id2_217	0	0	0	0
id2_218	0	0	0	0
id2_219	0	0	0	0
id2_22	0	0	1	0
id2_221	0	0	0	0
id2_222	0	0	0	0
id2_223	0	0	0	0
id2_224	0	0	0	0
id2_225	0	0	0	0
id2_227	0	0	0	0
id2_228	0	0	0	0
id2_229	0	0	0	0
id2_23	0	0	0	0
id2_230	0	0	0	0
id2_231	0	0	0	0
id2_232	0	0	0	0
id2_233	0	0	0	0
id2_234	0	0	0	0
id2_235	0	0	0	0
id2_236	1	0	0	0
id2_237	0	0	0	0
id2_238	0	0	0	0
id2_239	0	0	0	0
id2_24	0	0	0	0
id2_240	0	0	0	0
id2_241	0	0	0	0
id2_242	0	0	0	0
id2_243	0	0	0	0
id2_244	0	0	0	0
id2_245	0	0	0	0
id2_246	0	0	0	0
id2_248	0	0	0	0
id2_249	0	0	0	0
id2_25	0	0	0	0
id2_250	0	0	0	0
id2_251	0	0	0	0
id2_252	1	0	0	0
id2_253	0	0	0	0
id2_254	0	0	0	0
id2_255	0	0	0	0
id2_256	0	0	0	0
id2_257	1	0	0	0
id2_258	0	0	0	0
id2_26	0	0	0	0
id2_260	0	0	0	0
id2_261	0	0	0	0
id2_262	0	0	0	0
id2_263	0	0	0	0
id2_265	0	0	0	0
id2_266	0	0	0	0
id2_267	0	0	0	0
id2_268	0	0	0	0
id2_269	0	0	0	0
id2_27	0	0	0	0
id2_270	0	0	0	0
id2_271	0	0	0	0
id2_272	0	0	0	0
id2_273	0	0	0	0
id2_274	1	0	0	0
id2_276	0	0	0	0
id2_277	0	1	0	0
id2_278	0	0	0	0
id2_279	0	0	0	0
id2_28	0	0	0	0
id2_280	0	0	0	0
id2_281	0	0	0	0
id2_282	0	0	0	0
id2_283	0	0	1	0
id2_284	0	0	0	0
id2_285	0	0	0	0
id2_286	0	0	0	0
id2_287	0	0	0	0
id2_288	0	0	0	0
id2_289	0	0	0	0
id2_29	0	0	0	0
id2_290	0	0	0	0
id2_291	0	0	0	0
id2_292	0	0	0	0
id2_293	0	0	0	0
id2_294	0	0	0	0
id2_295	0	0	0	0
id2_296	0	0	0	0
id2_297	0	0	0	0
id2_298	0	0	0	0
id2_299	0	0	0	0
id2_3	0	0	0	0
id2_30	0	0	0	0
id2_302	0	0	0	0
id2_303	0	0	0	0
id2_304	0	0	0	0
id2_306	0	0	0	0
id2_307	0	0	0	0
id2_308	0	0	0	0
id2_31	0	0	0	0
id2_310	0	0	0	0
id2_311	0	0	0	0
id2_312	0	0	0	0
id2_313	0	0	0	0
id2_314	0	0	0	0
id2_315	0	0	0	0
id2_316	0	0	0	0
id2_317	0	0	0	0
id2_318	0	0	0	0
id2_319	0	0	0	0
id2_32	0	0	0	0
id2_320	0	0	0	0
id2_321	0	0	0	0
id2_322	0	0	0	0
id2_323	0	0	0	0
id2_324	0	0	0	0
id2_325	0	0	0	0
id2_326	0	0	0	0
id2_327	0	0	0	0
id2_328	0	0	0	0
id2_329	0	0	0	0
id2_33	0	1	0	0
id2_330	0	1	0	0
id2_331	0	0	0	0
id2_332	1	0	0	0
id2_333	0	0	0	0
id2_334	0	0	0	0
id2_336	0	0	0	0
id2_337	0	0	0	0
id2_338	0	0	0	0
id2_34	1	0	0	0
id2_340	0	0	0	0
id2_341	0	0	0	0
id2_343	0	1	0	0
id2_344	0	0	0	0
id2_346	0	0	0	0
id2_347	0	0	0	0
id2_348	0	0	0	0
id2_349	0	0	0	0
id2_35	0	0	0	0
id2_350	0	0	0	0
id2_352	0	0	0	0
id2_353	0	0	0	0
id2_354	0	0	0	0
id2_355	0	0	0	0
id2_356	0	0	0	0
id2_358	0	0	0	0
id2_359	1	0	0	0
id2_36	0	0	0	1
id2_360	0	0	0	0
id2_361	0	0	0	0
id2_362	0	1	0	0
id2_363	0	0	0	0
id2_364	0	0	0	0
id2_365	0	0	0	0
id2_366	0	0	0	0
id2_367	0	0	0	0
id2_368	0	0	0	0
id2_369	0	0	0	0
id2_37	0	0	0	0
id2_370	0	0	0	0
id2_371	0	0	0	0
id2_372	0	0	0	0
id2_373	0	0	0	0
id2_374	0	0	0	0
id2_376	0	0	0	0
id2_377	0	0	0	0
id2_378	0	0	1	0
id2_38	0	0	0	0
id2_380	0	0	0	0
id2_381	0	0	0	0
id2_384	0	0	0	0
id2_385	0	0	0	0
id2_386	0	0	0	0
id2_387	0	0	0	0
id2_388	0	0	0	0
id2_389	0	0	0	0
id2_39	0	0	0	0
id2_390	0	0	0	0
id2_391	0	0	0	0
id2_392	0	0	0	0
id2_393	0	0	0	0
id2_394	0	0	0	0
id2_395	0	0	0	0
id2_396	0	0	0	0
id2_397	0	0	0	0
id2_398	0	0	1	0
id2_399	0	0	0	0
id2_4	0	0	0	0
id2_40	0	0	0	0
id2_400	0	0	0	0
id2_401	0	0	0	0
id2_402	0	0	0	0
id2_403	0	0	0	0
id2_404	0	0	1	0
id2_405	1	0	0	0
id2_406	0	0	0	0
id2_407	1	0	0	0
id2_408	0	0	0	0
id2_409	0	0	0	0
id2_41	0	0	0	0
id2_411	0	0	0	0
id2_412	0	0	0	0
id2_413	0	0	0	0
id2_414	0	0	0	0
id2_415	0	0	0	0
id2_416	0	0	0	0
id2_417	1	0	0	0
id2_418	0	0	0	0
id2_42	0	0	0	0
id2_420	0	0	0	1
id2_421	0	0	0	0
id2_423	0	0	0	0
id2_424	0	0	0	0
id2_425	0	0	0	0
id2_426	0	0	0	0
id2_427	0	0	0	0
id2_428	0	0	0	0
id2_429	0	0	0	0
id2_43	0	0	0	0
id2_430	0	0	0	0
id2_431	0	0	0	0
id2_432	0	0	0	0
id2_435	0	0	0	0
id2_438	1	0	0	0
id2_439	0	0	0	0
id2_440	0	0	0	0
id2_441	0	0	0	0
id2_443	0	0	0	0
id2_445	0	0	1	0
id2_447	0	0	0	0
id2_448	1	0	0	0
id2_449	0	0	0	0
id2_45	0	0	0	0
id2_450	0	0	0	0
id2_451	0	0	0	0
id2_452	0	0	0	0
id2_453	0	0	0	0
id2_454	0	0	0	0
id2_458	0	0	0	0
id2_459	0	0	0	0
id2_460	0	0	0	0
id2_461	0	0	0	0
id2_462	0	0	0	0
id2_463	0	0	0	0
id2_464	0	0	0	0
id2_465	0	0	0	0
id2_466	0	0	0	1
id2_468	0	0	0	0
id2_469	0	1	0	0
id2_47	0	0	0	0
id2_470	0	0	1	0
id2_471	0	0	0	0
id2_472	0	0	0	0
id2_473	0	0	0	0
id2_474	0	0	0	0
id2_475	0	0	0	0
id2_476	0	0	0	0
id2_477	0	0	0	1
id2_478	0	0	0	0
id2_479	0	0	0	0
id2_48	0	0	0	0
id2_480	0	0	0	0
id2_481	0	0	0	0
id2_482	0	0	0	0
id2_483	0	0	0	0
id2_484	0	0	0	0
id2_485	0	0	0	0
id2_486	0	0	0	0
id2_487	0	0	0	0
id2_488	0	0	0	0
id2_489	0	0	1	0
id2_49	0	0	0	0
id2_490	0	0	0	0
id2_491	0	0	0	0
id2_493	0	1	0	0
id2_494	0	0	0	0
id2_495	0	0	0	0
id2_496	0	0	0	0
id2_497	0	0	0	0
id2_498	0	0	0	0
id2_499	0	0	0	0
id2_5	0	0	0	0
id2_50	0	0	0	0
id2_502	0	0	0	0
id2_503	0	0	0	0
id2_504	0	0	0	0
id2_505	0	0	0	0
id2_506	0	0	0	0
id2_507	0	0	0	0
id2_508	0	1	0	0
id2_509	0	0	0	0
id2_51	0	0	0	0
id2_510	0	0	0	0
id2_512	0	0	0	0
id2_513	0	0	0	0
id2_515	0	0	0	0
id2_516	0	0	0	0
id2_517	0	0	0	0
id2_518	0	0	0	0
id2_519	0	0	0	0
id2_52	0	0	0	0
id2_520	0	0	0	0
id2_521	0	0	0	0
id2_522	0	0	0	0
id2_523	0	0	0	0
id2_524	0	0	1	0
id2_525	0	0	0	0
id2_527	0	0	0	0
id2_528	0	0	0	0
id2_529	0	0	0	0
id2_53	1	0	0	0
id2_530	1	0	0	1
id2_531	0	0	0	0
id2_532	0	0	0	0
id2_534	0	0	0	0
id2_535	0	0	0	0
id2_536	0	0	0	0
id2_537	1	0	0	0
id2_538	0	0	0	0
id2_539	0	0	0	0
id2_54	0	0	0	0
id2_540	0	0	0	0
id2_541	0	0	0	0
id2_542	1	0	0	0
id2_543	0	0	0	0
id2_544	0	0	0	0
id2_545	0	0	0	0
id2_546	0	0	0	1
id2_547	0	0	0	0
id2_548	0	0	0	0
id2_549	0	0	0	0
id2_55	0	0	0	0
id2_550	0	0	0	0
id2_551	0	0	0	0
id2_552	0	0	0	0
id2_553	0	0	0	0
id2_555	0	0	0	0
id2_556	0	0	0	0
id2_557	0	0	0	0
id2_558	0	0	0	0
id2_559	0	0	0	0
id2_56	0	0	0	0
id2_560	0	0	0	0
id2_561	0	0	0	0
id2_562	0	0	0	0
id2_564	0	0	0	0
id2_566	0	0	0	0
id2_568	0	0	0	0
id2_569	0	0	0	0
id2_57	1	0	0	0
id2_570	0	0	0	0
id2_571	0	0	0	0
id2_573	0	0	0	0
id2_574	0	0	0	0
id2_575	0	0	0	0
id2_576	0	0	0	0
id2_577	0	0	0	0
id2_579	0	0	0	0
id2_58	1	0	0	0
id2_580	0	0	0	1
id2_581	0	0	0	0
id2_582	0	0	0	0
id2_583	0	0	0	0
id2_584	0	0	0	0
id2_585	0	0	0	0
id2_586	0	0	0	0
id2_588	0	0	0	0
id2_589	0	0	0	0
id2_59	0	0	0	0
id2_590	0	0	0	0
id2_591	0	0	0	0
id2_592	0	0	0	0
id2_593	0	0	0	0
id2_594	0	0	0	0
id2_595	0	0	0	0
id2_596	0	0	0	1
id2_597	0	0	0	0
id2_598	0	0	0	0
id2_599	0	0	0	0
id2_6	0	0	0	0
id2_60	0	0	0	0
id2_600	0	0	0	0
id2_601	0	0	0	0
id2_602	0	0	0	0
id2_603	0	0	0	0
id2_604	0	0	0	0
id2_605	0	0	0	0
id2_606	0	0	0	0
id2_607	0	0	0	0
id2_608	0	0	0	0
id2_609	0	0	0	0
id2_61	0	0	0	0
id2_610	0	0	0	0
id2_611	0	0	0	0
id2_612	0	0	0	0
id2_613	0	0	0	0
id2_614	0	1	0	0
id2_615	0	0	0	1
id2_616	0	0	0	0
id2_617	0	0	0	0
id2_619	0	0	0	0
id2_62	0	0	0	0
id2_620	0	0	0	0
id2_621	0	0	0	0
id2_622	0	0	0	0
id2_623	0	0	0	0
id2_624	1	0	0	0
id2_625	0	0	0	0
id2_626	0	0	0	0
id2_627	0	1	0	0
id2_628	0	0	0	0
id2_629	0	0	0	0
id2_63	0	0	0	0
id2_630	0	0	0	0
id2_631	0	0	0	0
id2_632	0	0	0	0
id2_633	1	0	0	0
id2_634	0	0	0	0
id2_635	0	0	0	0
id2_636	0	0	0	0
id2_637	0	0	0	0
id2_638	0	0	0	0
id2_639	0	0	0	0
id2_64	0	0	0	0
id2_640	0	0	0	0
id2_642	1	0	0	0
id2_643	0	0	0	0
id2_644	0	0	0	0
id2_645	0	0	0	0
id2_646	0	0	0	0
id2_647	1	0	0	0
id2_648	0	0	0	0
id2_649	0	0	0	0
id2_65	0	0	0	1
id2_650	0	0	0	0
id2_651	1	0	0	0
id2_652	0	0	0	0
id2_653	0	0	0	0
id2_654	0	0	0	0
id2_656	0	0	0	0
id2_657	0	0	0	0
id2_659	0	0	0	0
id2_661	0	0	0	0
id2_662	0	0	0	0
id2_663	0	0	0	0
id2_664	0	0	0	0
id2_665	0	0	0	0
id2_666	0	0	0	0
id2_667	0	0	0	0
id2_67	0	0	0	0
id2_670	0	0	0	0
id2_672	0	0	0	0
id2_673	0	0	0	0
id2_674	0	0	0	0
id2_676	0	0	0	0
id2_677	0	0	0	0
id2_678	0	0	0	0
id2_68	0	0	0	0
id2_680	0	0	0	0
id2_681	0	0	0	0
id2_682	0	0	0	0
id2_683	0	0	0	0
id2_684	0	0	0	0
id2_685	0	1	0	0
id2_686	0	0	0	0
id2_687	0	0	0	1
id2_688	0	0	0	0
id2_689	0	0	0	0
id2_69	0	0	1	0
id2_690	0	0	0	0
id2_691	0	0	0	0
id2_692	0	0	0	0
id2_693	0	0	0	0
id2_694	0	0	0	0
id2_695	0	0	0	0
id2_696	0	0	0	0
id2_698	0	0	0	0
id2_699	0	0	0	0
id2_7	0	0	0	0
id2_70	0	0	0	0
id2_700	1	0	0	0
id2_701	0	0	0	0
id2_702	0	0	0	0
id2_703	0	0	0	0
id2_704	0	0	0	0
id2_705	0	0	0	0
id2_706	0	0	0	0
id2_707	0	0	0	0
id2_708	0	0	0	0
id2_709	0	0	0	0
id2_71	0	0	0	0
id2_710	0	0	0	0
id2_711	0	0	0	0
id2_712	0	0	0	0
id2_713	0	0	1	1
id2_714	0	0	0	0
id2_715	0	0	0	0
id2_717	1	0	0	0
id2_718	0	0	0	0
id2_719	0	0	0	0
id2_72	0	0	0	0
id2_721	1	0	0	0
id2_722	0	0	0	0
id2_723	0	0	0	0
id2_724	0	0	0	0
id2_725	0	1	0	0
id2_726	1	0	0	0
id2_729	0	0	0	0
id2_73	0	0	0	0
id2_730	0	0	0	0
id2_731	0	0	0	0
id2_732	0	0	0	0
id2_733	0	0	0	0
id2_734	0	0	0	0
id2_735	0	0	0	0
id2_736	0	0	0	0
id2_737	0	0	0	0
id2_738	0	0	0	0
id2_739	0	0	0	0
id2_74	0	0	0	0
id2_740	0	0	0	0
id2_741	0	0	0	0
id2_743	0	0	0	0
id2_745	0	0	0	0
id2_746	0	0	0	0
id2_747	0	0	0	0
id2_748	0	0	0	0
id2_749	0	0	0	0
id2_75	0	0	0	0
id2_751	0	0	0	0
id2_752	0	0	0	0
id2_753	0	0	0	0
id2_754	0	0	0	0
id2_755	0	0	0	0
id2_756	0	0	0	0
id2_757	0	0	0	0
id2_758	0	0	0	0
id2_759	0	0	0	0
id2_76	0	0	0	0
id2_760	0	0	0	0
id2_762	0	0	0	0
id2_763	0	0	0	0
id2_764	0	1	0	0
id2_766	0	0	0	0
id2_768	0	0	0	0
id2_769	0	0	0	0
id2_77	0	0	0	0
id2_770	0	0	0	0
id2_771	0	0	0	0
id2_772	0	0	0	0
id2_773	0	0	0	0
id2_774	0	1	0	0
id2_775	0	0	0	0
id2_776	0	0	0	0
id2_777	0	0	0	0
id2_778	0	0	0	0
id2_779	0	0	0	0
id2_78	0	0	0	0
id2_780	0	0	0	0
id2_781	0	0	0	0
id2_782	0	0	0	0
id2_783	0	0	0	0
id2_784	0	0	0	0
id2_785	0	0	0	0
id2_786	0	0	0	0
id2_787	0	0	0	0
id2_788	0	0	0	0
id2_789	0	0	0	0
id2_790	0	0	0	0
id2_791	0	0	0	0
id2_792	0	0	0	0
id2_793	0	0	0	0
id2_794	0	0	0	0
id2_795	0	0	0	0
id2_796	0	0	0	0
id2_797	0	0	0	0
id2_798	0	0	0	0
id2_799	0	0	0	0
id2_8	0	0	0	0
id2_80	0	0	0	0
id2_800	0	0	0	0
id2_801	0	0	0	0
id2_802	0	0	0	0
id2_803	0	0	0	0
id2_804	0	0	0	0
id2_805	0	0	0	0
id2_806	0	0	0	0
id2_807	0	0	0	0
id2_808	0	0	0	0
id2_809	0	0	0	0
id2_81	0	0	0	0
id2_810	0	0	0	0
id2_811	1	0	0	1
id2_812	0	1	0	0
id2_813	0	0	0	0
id2_814	0	0	0	0
id2_815	0	0	0	0
id2_816	1	0	0	0
id2_817	0	0	0	0
id2_818	0	0	0	0
id2_819	0	0	0	0
id2_82	0	0	0	0
id2_821	0	0	0	0
id2_822	0	0	0	1
id2_823	1	0	0	0
id2_824	0	0	0	0
id2_825	0	0	0	0
id2_826	0	0	0	0
id2_827	0	0	1	0
id2_828	0	0	0	1
id2_829	0	0	0	0
id2_830	0	0	0	0
id2_831	0	0	0	0
id2_832	0	0	0	0
id2_833	0	0	0	0
id2_834	0	0	0	1
id2_835	0	0	0	0
id2_836	0	0	0	0
id2_837	0	0	0	0
id2_838	0	0	0	0
id2_839	0	0	0	0
id2_84	0	0	0	0
id2_840	0	0	1	0
id2_841	0	0	0	0
id2_842	0	0	0	0
id2_843	0	0	0	0
id2_844	0	0	0	0
id2_845	0	0	0	0
id2_846	0	0	0	0
id2_847	0	0	0	0
id2_848	0	0	0	0
id2_849	0	0	0	0
id2_85	0	0	0	0
id2_850	1	0	0	0
id2_851	1	0	0	0
id2_852	0	0	1	0
id2_853	1	0	0	0
id2_855	1	0	0	0
id2_856	0	0	0	0
id2_858	0	0	0	1
id2_859	0	0	0	0
id2_86	0	0	0	0
id2_860	0	0	0	0
id2_861	0	1	0	0
id2_862	0	0	0	0
id2_863	0	0	0	0
id2_864	0	0	0	0
id2_865	0	0	0	0
id2_866	0	0	0	0
id2_867	0	0	0	0
id2_868	0	0	0	0
id2_869	0	0	0	0
id2_87	0	0	0	0
id2_871	0	0	0	0
id2_872	0	0	0	0
id2_873	0	0	0	0
id2_874	0	0	0	0
id2_876	0	0	0	0
id2_877	0	0	0	0
id2_878	0	0	0	0
id2_879	0	0	0	0
id2_88	1	0	0	0
id2_880	0	0	0	0
id2_881	0	0	0	0
id2_882	0	0	0	0
id2_883	0	0	0	0
id2_884	0	0	0	0
id2_885	0	0	0	0
id2_886	0	0	0	0
id2_887	0	0	0	0
id2_888	0	0	0	0
id2_889	0	0	0	0
id2_89	0	0	0	0
id2_890	0	0	0	0
id2_891	0	0	0	0
id2_893	0	0	0	0
id2_894	0	0	0	0
id2_895	0	0	0	0
id2_898	0	0	1	0
id2_899	0	0	0	0
id2_9	0	0	0	0
id2_900	0	0	0	0
id2_901	0	1	0	0
id2_902	0	0	0	0
id2_903	0	0	0	0
id2_904	0	0	0	0
id2_905	0	0	0	0
id2_906	1	0	0	0
id2_909	0	0	0	0
id2_91	0	0	0	0
id2_910	0	0	0	0
id2_911	1	0	1	0
id2_912	0	0	0	0
id2_913	0	0	0	0
id2_914	0	0	0	0
id2_917	0	0	0	0
id2_918	0	0	0	0
id2_919	0	0	0	0
id2_92	0	0	0	0
id2_920	0	0	0	0
id2_921	0	0	0	0
id2_922	0	0	0	0
id2_923	0	0	0	0
id2_924	0	0	0	0
id2_925	0	0	0	0
id2_926	0	0	0	0
id2_927	0	0	0	0
id2_928	0	0	0	0
id2_929	0	0	0	0
id2_93	0	0	0	0
id2_930	0	0	0	0
id2_931	0	0	0	0
id2_932	0	0	0	0
id2_933	0	0	0	0
id2_934	0	0	0	0
id2_935	0	0	0	0
id2_936	0	0	0	0
id2_938	0	0	0	0
id2_939	0	0	0	0
id2_94	0	0	0	0
id2_940	0	0	0	0
id2_941	0	0	0	0
id2_942	0	0	0	0
id2_943	0	0	0	0
id2_945	0	0	0	0
id2_946	0	0	0	0
id2_947	0	0	0	0
id2_948	1	0	0	0
id2_949	0	0	0	0
id2_95	0	0	0	0
id2_950	0	0	0	0
id2_951	0	0	0	0
id2_952	0	0	0	0
id2_953	0	0	0	0
id2_954	0	0	0	0
id2_955	0	0	0	0
id2_956	0	0	0	0
id2_957	0	0	0	0
id2_958	0	0	0	0
id2_96	0	0	0	0
id2_960	0	0	0	0
id2_961	0	0	0	0
id2_962	0	0	0	0
id2_963	0	0	0	0
id2_964	0	0	0	0
id2_965	0	0	0	0
id2_966	0	0	0	0
id2_967	0	0	0	0
id2_968	0	0	0	0
id2_969	0	0	0	0
id2_97	0	0	0	0
id2_970	0	0	0	0
id2_971	0	0	0	0
id2_972	0	0	0	0
id2_974	0	0	0	0
id2_975	0	0	0	0
id2_976	1	0	0	0
id2_977	0	0	0	0
id2_978	0	0	0	0
id2_979	0	0	0	0
id2_98	0	0	0	0
id2_981	0	0	0	0
id2_982	0	0	0	1
id2_983	0	1	1	0
id2_984	0	0	0	0
id2_985	0	0	0	0
id2_986	0	0	0	0
id2_987	0	0	0	0
id2_988	0	0	0	0
id2_989	1	0	0	0
id2_99	0	0	0	0
id2_991	0	0	0	0
id2_992	0	0	0	0
id2_993	0	0	0	0
id2_994	0	0	0	0
id2_995	0	0	0	0
id2_996	0	0	0	0
id2_997	0	0	0	0
id2_999	1	0	0	0
M1	0	0	0	0